Nx=500
Ny=500
NG=2
rho=1000
mu=1e-06
xmin=-2.0
xmax=2.0
ymin=-2.0
ymax=2.0
tmax=1.0
dt=1e-05
dx=0.008016032064128256
dy=0.008016032064128256
