-0.0123588,-0.0124737,-0.0125896,-0.0127061,-0.0128232,-0.0129405,-0.0130578,-0.0131747,-0.013291,-0.0134063,-0.01352,-0.0136319,-0.0137413,-0.0138478,-0.0139507,-0.0140495,-0.0141436,-0.0142323,-0.0143151,-0.0143912,-0.01446,-0.0145211,-0.0145737,-0.0146176,-0.0146521,-0.014677,-0.0146921,-0.0146971,-0.0146921,-0.014677,-0.0146521,-0.0146176,-0.0145737,-0.0145211,-0.01446,-0.0143912,-0.0143151,-0.0142323,-0.0141436,-0.0140495,-0.0139507,-0.0138478,-0.0137413,-0.0136319,-0.01352,-0.0134063,-0.013291,-0.0131747,-0.0130578,-0.0129405,-0.0128232,-0.0127061,-0.0125896,-0.0124737,-0.0123588
-0.0120117,-0.0121277,-0.0122448,-0.0123629,-0.0124817,-0.0126011,-0.0127206,-0.0128401,-0.0129592,-0.0130774,-0.0131944,-0.0133097,-0.0134227,-0.0135329,-0.0136398,-0.0137426,-0.0138407,-0.0139334,-0.01402,-0.0140998,-0.0141722,-0.0142364,-0.014292,-0.0143382,-0.0143747,-0.014401,-0.014417,-0.0144223,-0.014417,-0.014401,-0.0143747,-0.0143382,-0.014292,-0.0142364,-0.0141722,-0.0140998,-0.01402,-0.0139334,-0.0138407,-0.0137426,-0.0136398,-0.0135329,-0.0134227,-0.0133097,-0.0131944,-0.0130774,-0.0129592,-0.0128401,-0.0127206,-0.0126011,-0.0124817,-0.0123629,-0.0122448,-0.0121277,-0.0120117
-0.0116568,-0.0117738,7.06628e+07,7.10758e+07,7.14607e+07,7.18843e+07,7.23358e+07,7.28117e+07,7.33103e+07,7.38288e+07,7.43644e+07,7.49135e+07,7.54721e+07,7.60357e+07,7.65994e+07,7.71577e+07,7.77047e+07,7.82343e+07,7.87401e+07,7.92155e+07,7.96539e+07,8.00492e+07,8.03952e+07,8.06865e+07,8.09184e+07,8.1087e+07,8.11893e+07,8.12236e+07,8.11893e+07,8.1087e+07,8.09184e+07,8.06865e+07,8.03952e+07,8.00492e+07,7.96539e+07,7.92155e+07,7.87401e+07,7.82343e+07,7.77047e+07,7.71577e+07,7.65994e+07,7.60357e+07,7.54721e+07,7.49135e+07,7.43644e+07,7.38288e+07,7.33103e+07,7.28117e+07,7.23358e+07,7.18843e+07,7.14607e+07,7.10758e+07,7.06628e+07,-0.0117738,-0.0116568
-0.011294,-0.0114117,6.90871e+07,6.94948e+07,6.9878e+07,7.03026e+07,7.07581e+07,7.12412e+07,7.17502e+07,7.22825e+07,7.28352e+07,7.34046e+07,7.39867e+07,7.45767e+07,7.51693e+07,7.57587e+07,7.63386e+07,7.69021e+07,7.74422e+07,7.79516e+07,7.84228e+07,7.88487e+07,7.92225e+07,7.95378e+07,7.97893e+07,7.99722e+07,8.00834e+07,8.01207e+07,8.00834e+07,7.99722e+07,7.97893e+07,7.95378e+07,7.92225e+07,7.88487e+07,7.84228e+07,7.79516e+07,7.74422e+07,7.69021e+07,7.63386e+07,7.57587e+07,7.51693e+07,7.45767e+07,7.39867e+07,7.34046e+07,7.28352e+07,7.22825e+07,7.17502e+07,7.12412e+07,7.07581e+07,7.03026e+07,6.9878e+07,6.94948e+07,6.90871e+07,-0.0114117,-0.011294
-0.010923,-0.0110412,6.74683e+07,6.78681e+07,6.82472e+07,6.86705e+07,6.91279e+07,6.96164e+07,7.01344e+07,7.06794e+07,7.12484e+07,7.18379e+07,7.24437e+07,7.30607e+07,7.36836e+07,7.43059e+07,7.49208e+07,7.55209e+07,7.60983e+07,7.66449e+07,7.71522e+07,7.76122e+07,7.80169e+07,7.83592e+07,7.86326e+07,7.88318e+07,7.8953e+07,7.89937e+07,7.8953e+07,7.88318e+07,7.86326e+07,7.83592e+07,7.80169e+07,7.76122e+07,7.71522e+07,7.66449e+07,7.60983e+07,7.55209e+07,7.49208e+07,7.43059e+07,7.36836e+07,7.30607e+07,7.24437e+07,7.18379e+07,7.12484e+07,7.06794e+07,7.01344e+07,6.96164e+07,6.91279e+07,6.86705e+07,6.82472e+07,6.78681e+07,6.74683e+07,-0.0110412,-0.010923
-0.0105436,-0.010662,6.58054e+07,6.61944e+07,6.65665e+07,6.69858e+07,6.74427e+07,6.79344e+07,6.84594e+07,6.90155e+07,6.95998e+07,7.02087e+07,7.08381e+07,7.14828e+07,7.21369e+07,7.27938e+07,7.34461e+07,7.40856e+07,7.47036e+07,7.52909e+07,7.58382e+07,7.63361e+07,7.67755e+07,7.7148e+07,7.74462e+07,7.76639e+07,7.77965e+07,7.7841e+07,7.77965e+07,7.76639e+07,7.74462e+07,7.7148e+07,7.67755e+07,7.63361e+07,7.58382e+07,7.52909e+07,7.47036e+07,7.40856e+07,7.34461e+07,7.27938e+07,7.21369e+07,7.14828e+07,7.08381e+07,7.02087e+07,6.95998e+07,6.90155e+07,6.84594e+07,6.79344e+07,6.74427e+07,6.69858e+07,6.65665e+07,6.61944e+07,6.58054e+07,-0.010662,-0.0105436
-0.0101554,-0.0102738,6.4098e+07,6.44728e+07,6.48344e+07,6.52465e+07,6.56998e+07,6.61919e+07,6.67216e+07,6.72867e+07,6.78847e+07,6.85121e+07,6.91646e+07,6.98371e+07,7.05235e+07,7.12166e+07,7.19085e+07,7.25904e+07,7.32525e+07,7.38846e+07,7.44761e+07,7.50162e+07,7.54946e+07,7.59013e+07,7.62277e+07,7.64664e+07,7.66119e+07,7.66608e+07,7.66119e+07,7.64664e+07,7.62277e+07,7.59013e+07,7.54946e+07,7.50162e+07,7.44761e+07,7.38846e+07,7.32525e+07,7.25904e+07,7.19085e+07,7.12166e+07,7.05235e+07,6.98371e+07,6.91646e+07,6.85121e+07,6.78847e+07,6.72867e+07,6.67216e+07,6.61919e+07,6.56998e+07,6.52465e+07,6.48344e+07,6.44728e+07,6.4098e+07,-0.0102738,-0.0101554
-0.00975829,-0.00987631,6.23458e+07,6.27025e+07,6.30498e+07,6.34509e+07,6.3897e+07,6.43861e+07,6.49173e+07,6.54889e+07,6.60984e+07,6.67426e+07,6.74174e+07,6.81174e+07,6.88366e+07,6.95673e+07,7.03012e+07,7.10284e+07,7.17385e+07,7.24198e+07,7.30604e+07,7.36478e+07,7.41701e+07,7.46156e+07,7.49741e+07,7.52368e+07,7.53972e+07,7.54511e+07,7.53972e+07,7.52368e+07,7.49741e+07,7.46156e+07,7.41701e+07,7.36478e+07,7.30604e+07,7.24198e+07,7.17385e+07,7.10284e+07,7.03012e+07,6.95673e+07,6.88366e+07,6.81174e+07,6.74174e+07,6.67426e+07,6.60984e+07,6.54889e+07,6.49173e+07,6.43861e+07,6.3897e+07,6.34509e+07,6.30498e+07,6.27025e+07,6.23458e+07,-0.00987631,-0.00975829
-0.00935205,-0.00946932,6.05492e+07,6.08833e+07,6.12117e+07,6.15974e+07,6.20321e+07,6.25141e+07,6.30431e+07,6.36176e+07,6.42358e+07,6.48945e+07,6.55899e+07,6.63168e+07,6.70689e+07,6.78383e+07,6.86162e+07,6.9392e+07,7.0154e+07,7.08894e+07,7.15845e+07,7.22251e+07,7.2797e+07,7.32867e+07,7.3682e+07,7.39724e+07,7.41499e+07,7.42097e+07,7.41499e+07,7.39724e+07,7.3682e+07,7.32867e+07,7.2797e+07,7.22251e+07,7.15845e+07,7.08894e+07,7.0154e+07,6.9392e+07,6.86162e+07,6.78383e+07,6.70689e+07,6.63168e+07,6.55899e+07,6.48945e+07,6.42358e+07,6.36176e+07,6.30431e+07,6.25141e+07,6.20321e+07,6.15974e+07,6.12117e+07,6.08833e+07,6.05492e+07,-0.00946932,-0.00935205
-0.00893648,-0.00905261,5.87091e+07,5.90156e+07,5.932e+07,5.96852e+07,6.01032e+07,6.05733e+07,6.10954e+07,6.16687e+07,6.22917e+07,6.29618e+07,6.36754e+07,6.44276e+07,6.52121e+07,6.6021e+07,6.68447e+07,6.76721e+07,6.84904e+07,6.92851e+07,7.00408e+07,7.0741e+07,7.13694e+07,7.19098e+07,7.23475e+07,7.26699e+07,7.28675e+07,7.2934e+07,7.28675e+07,7.26699e+07,7.23475e+07,7.19098e+07,7.13694e+07,7.0741e+07,7.00408e+07,6.92851e+07,6.84904e+07,6.76721e+07,6.68447e+07,6.6021e+07,6.52121e+07,6.44276e+07,6.36754e+07,6.29618e+07,6.22917e+07,6.16687e+07,6.10954e+07,6.05733e+07,6.01032e+07,5.96852e+07,5.932e+07,5.90156e+07,5.87091e+07,-0.00905261,-0.00893648
-0.00851144,-0.00862598,5.68272e+07,5.71006e+07,5.73751e+07,5.77138e+07,5.81094e+07,5.85616e+07,5.90712e+07,5.96379e+07,6.02609e+07,6.09381e+07,6.16665e+07,6.24416e+07,6.32571e+07,6.41054e+07,6.49763e+07,6.58582e+07,6.6737e+07,6.75968e+07,6.84199e+07,6.91875e+07,6.98802e+07,7.04789e+07,7.09658e+07,7.13257e+07,7.15467e+07,7.16212e+07,7.15467e+07,7.13257e+07,7.09658e+07,7.04789e+07,6.98802e+07,6.91875e+07,6.84199e+07,6.75968e+07,6.6737e+07,6.58582e+07,6.49763e+07,6.41054e+07,6.32571e+07,6.24416e+07,6.16665e+07,6.09381e+07,6.02609e+07,5.96379e+07,5.90712e+07,5.85616e+07,5.81094e+07,5.77138e+07,5.73751e+07,5.71006e+07,5.68272e+07,-0.00862598,-0.00851144
-0.00807682,-0.00818928,5.49065e+07,5.51404e+07,5.53784e+07,5.56837e+07,5.605e+07,5.64775e+07,5.69678e+07,5.75214e+07,5.81383e+07,5.88171e+07,5.95556e+07,6.03498e+07,6.1194e+07,6.20805e+07,6.29994e+07,6.39381e+07,6.48817e+07,6.58125e+07,6.67107e+07,6.75543e+07,6.83207e+07,6.89869e+07,6.95313e+07,6.99352e+07,7.01839e+07,7.02678e+07,7.01839e+07,6.99352e+07,6.95313e+07,6.89869e+07,6.83207e+07,6.75543e+07,6.67107e+07,6.58125e+07,6.48817e+07,6.39381e+07,6.29994e+07,6.20805e+07,6.1194e+07,6.03498e+07,5.95556e+07,5.88171e+07,5.81383e+07,5.75214e+07,5.69678e+07,5.64775e+07,5.605e+07,5.56837e+07,5.53784e+07,5.51404e+07,5.49065e+07,-0.00818928,-0.00807682
-0.00763256,-0.00774242,5.29508e+07,5.31383e+07,5.33324e+07,5.35968e+07,5.39258e+07,5.43206e+07,5.47835e+07,5.53161e+07,5.59192e+07,5.65926e+07,5.73347e+07,5.81427e+07,5.90115e+07,5.9934e+07,6.09003e+07,6.18976e+07,6.291e+07,6.39181e+07,6.48995e+07,6.58292e+07,6.66802e+07,6.74249e+07,6.80371e+07,6.84932e+07,6.87748e+07,6.88701e+07,6.87748e+07,6.84932e+07,6.80371e+07,6.74249e+07,6.66802e+07,6.58292e+07,6.48995e+07,6.39181e+07,6.291e+07,6.18976e+07,6.09003e+07,5.9934e+07,5.90115e+07,5.81427e+07,5.73347e+07,5.65926e+07,5.59192e+07,5.53161e+07,5.47835e+07,5.43206e+07,5.39258e+07,5.35968e+07,5.33324e+07,5.31383e+07,5.29508e+07,-0.00774242,-0.00763256
-0.00717866,-0.00728535,5.09657e+07,5.10995e+07,5.12413e+07,5.14562e+07,5.17389e+07,5.20917e+07,5.25178e+07,5.30198e+07,5.35997e+07,5.42586e+07,5.49962e+07,5.58106e+07,5.66981e+07,5.76523e+07,5.86639e+07,5.97202e+07,6.08046e+07,6.18961e+07,6.29698e+07,6.39968e+07,6.49453e+07,6.5782e+07,6.64744e+07,6.69931e+07,6.73145e+07,6.74234e+07,6.73145e+07,6.69931e+07,6.64744e+07,6.5782e+07,6.49453e+07,6.39968e+07,6.29698e+07,6.18961e+07,6.08046e+07,5.97202e+07,5.86639e+07,5.76523e+07,5.66981e+07,5.58106e+07,5.49962e+07,5.42586e+07,5.35997e+07,5.30198e+07,5.25178e+07,5.20917e+07,5.17389e+07,5.14562e+07,5.12413e+07,5.10995e+07,5.09657e+07,-0.00728535,-0.00717866
-0.00671517,-0.00681809,4.89588e+07,4.90306e+07,4.91113e+07,4.9267e+07,4.94933e+07,4.97934e+07,5.01715e+07,5.06317e+07,5.11771e+07,5.18104e+07,5.25326e+07,5.33437e+07,5.42413e+07,5.52205e+07,5.62731e+07,5.73869e+07,5.85451e+07,5.97257e+07,6.09009e+07,6.2038e+07,6.30992e+07,6.40442e+07,6.48326e+07,6.54269e+07,6.57969e+07,6.59225e+07,6.57969e+07,6.54269e+07,6.48326e+07,6.40442e+07,6.30992e+07,6.2038e+07,6.09009e+07,5.97257e+07,5.85451e+07,5.73869e+07,5.62731e+07,5.52205e+07,5.42413e+07,5.33437e+07,5.25326e+07,5.18104e+07,5.11771e+07,5.06317e+07,5.01715e+07,4.97934e+07,4.94933e+07,4.9267e+07,4.91113e+07,4.90306e+07,4.89588e+07,-0.00681809,-0.00671517
-0.00624223,-0.00634075,4.69397e+07,4.6941e+07,4.69508e+07,4.70369e+07,4.71955e+07,4.74308e+07,4.77483e+07,4.81533e+07,4.86506e+07,4.92443e+07,4.99378e+07,5.07326e+07,5.16286e+07,5.26229e+07,5.37089e+07,5.4876e+07,5.61077e+07,5.73815e+07,5.86675e+07,5.99284e+07,6.11201e+07,6.21935e+07,6.30976e+07,6.37846e+07,6.42145e+07,6.43609e+07,6.42145e+07,6.37846e+07,6.30976e+07,6.21935e+07,6.11201e+07,5.99284e+07,5.86675e+07,5.73815e+07,5.61077e+07,5.4876e+07,5.37089e+07,5.26229e+07,5.16286e+07,5.07326e+07,4.99378e+07,4.92443e+07,4.86506e+07,4.81533e+07,4.77483e+07,4.74308e+07,4.71955e+07,4.70369e+07,4.69508e+07,4.6941e+07,4.69397e+07,-0.00634075,-0.00624223
-0.00576003,-0.0058535,4.49208e+07,4.48427e+07,4.47714e+07,4.47766e+07,4.48551e+07,4.50122e+07,4.52546e+07,4.5589e+07,4.60219e+07,4.65596e+07,4.72074e+07,4.79694e+07,4.8848e+07,4.9843e+07,5.09507e+07,5.21626e+07,5.34641e+07,5.4833e+07,5.62379e+07,5.76374e+07,5.89801e+07,6.02062e+07,6.12513e+07,6.20531e+07,6.25582e+07,6.27308e+07,6.25582e+07,6.20531e+07,6.12513e+07,6.02062e+07,5.89801e+07,5.76374e+07,5.62379e+07,5.4833e+07,5.34641e+07,5.21626e+07,5.09507e+07,4.9843e+07,4.8848e+07,4.79694e+07,4.72074e+07,4.65596e+07,4.60219e+07,4.5589e+07,4.52546e+07,4.50122e+07,4.48551e+07,4.47766e+07,4.47714e+07,4.48427e+07,4.49208e+07,-0.0058535,-0.00576003
-0.00526887,-0.00535663,4.29177e+07,4.27514e+07,4.25884e+07,4.25009e+07,4.24861e+07,4.25501e+07,4.27012e+07,4.29474e+07,4.32972e+07,4.37589e+07,4.43403e+07,4.50484e+07,4.58889e+07,4.68651e+07,4.7977e+07,4.92197e+07,5.05819e+07,5.20433e+07,5.35726e+07,5.51252e+07,5.6642e+07,5.80506e+07,5.92692e+07,6.02152e+07,6.08164e+07,6.10226e+07,6.08164e+07,6.02152e+07,5.92692e+07,5.80506e+07,5.6642e+07,5.51252e+07,5.35726e+07,5.20433e+07,5.05819e+07,4.92197e+07,4.7977e+07,4.68651e+07,4.58889e+07,4.50484e+07,4.43403e+07,4.37589e+07,4.32972e+07,4.29474e+07,4.27012e+07,4.25501e+07,4.24861e+07,4.25009e+07,4.25884e+07,4.27514e+07,4.29177e+07,-0.00535663,-0.00526887
-0.00476914,-0.00485052,4.09499e+07,4.06867e+07,4.04217e+07,4.02294e+07,4.01073e+07,4.00626e+07,4.01046e+07,4.0243e+07,4.0488e+07,4.08502e+07,4.13403e+07,4.19685e+07,4.27443e+07,4.36754e+07,4.47665e+07,4.60182e+07,4.74241e+07,4.89685e+07,5.06225e+07,5.23404e+07,5.40564e+07,5.56835e+07,5.71175e+07,5.82478e+07,5.89738e+07,5.92241e+07,5.89738e+07,5.82478e+07,5.71175e+07,5.56835e+07,5.40564e+07,5.23404e+07,5.06225e+07,4.89685e+07,4.74241e+07,4.60182e+07,4.47665e+07,4.36754e+07,4.27443e+07,4.19685e+07,4.13403e+07,4.08502e+07,4.0488e+07,4.0243e+07,4.01046e+07,4.00626e+07,4.01073e+07,4.02294e+07,4.04217e+07,4.06867e+07,4.09499e+07,-0.00485052,-0.00476914
-0.00426131,-0.00433565,3.9041e+07,3.86732e+07,3.82963e+07,3.79876e+07,3.77444e+07,3.75747e+07,3.74888e+07,3.74978e+07,3.76138e+07,3.78497e+07,3.82189e+07,3.87355e+07,3.94131e+07,4.02645e+07,4.13007e+07,4.2529e+07,4.39506e+07,4.55574e+07,4.7327e+07,4.92166e+07,5.11563e+07,5.30444e+07,5.47486e+07,5.61183e+07,5.70102e+07,5.73199e+07,5.70102e+07,5.61183e+07,5.47486e+07,5.30444e+07,5.11563e+07,4.92166e+07,4.7327e+07,4.55574e+07,4.39506e+07,4.2529e+07,4.13007e+07,4.02645e+07,3.94131e+07,3.87355e+07,3.82189e+07,3.78497e+07,3.76138e+07,3.74978e+07,3.74888e+07,3.75747e+07,3.77444e+07,3.79876e+07,3.82963e+07,3.86732e+07,3.9041e+07,-0.00433565,-0.00426131
-0.00374597,-0.00381264,3.7219e+07,3.67408e+07,3.62439e+07,3.58082e+07,3.5431e+07,3.51204e+07,3.48875e+07,3.47445e+07,3.47051e+07,3.47844e+07,3.49988e+07,3.53659e+07,3.5904e+07,3.66318e+07,3.75672e+07,3.87263e+07,4.01204e+07,4.17528e+07,4.36131e+07,4.5668e+07,4.78505e+07,5.00473e+07,5.20926e+07,5.37794e+07,5.48976e+07,5.52891e+07,5.48976e+07,5.37794e+07,5.20926e+07,5.00473e+07,4.78505e+07,4.5668e+07,4.36131e+07,4.17528e+07,4.01204e+07,3.87263e+07,3.75672e+07,3.66318e+07,3.5904e+07,3.53659e+07,3.49988e+07,3.47844e+07,3.47051e+07,3.47445e+07,3.48875e+07,3.51204e+07,3.5431e+07,3.58082e+07,3.62439e+07,3.67408e+07,3.7219e+07,-0.00381264,-0.00374597
-0.00322379,-0.00328218,3.55173e+07,3.49252e+07,3.43028e+07,3.37325e+07,3.32105e+07,3.2745e+07,3.23472e+07,3.20299e+07,3.18079e+07,3.1698e+07,3.17192e+07,3.18928e+07,3.22418e+07,3.2791e+07,3.35664e+07,3.45937e+07,3.58969e+07,3.74949e+07,3.93955e+07,4.15854e+07,4.40133e+07,4.65658e+07,4.9044e+07,5.11605e+07,5.2596e+07,5.31033e+07,5.2596e+07,5.11605e+07,4.9044e+07,4.65658e+07,4.40133e+07,4.15854e+07,3.93955e+07,3.74949e+07,3.58969e+07,3.45937e+07,3.35664e+07,3.2791e+07,3.22418e+07,3.18928e+07,3.17192e+07,3.1698e+07,3.18079e+07,3.20299e+07,3.23472e+07,3.2745e+07,3.32105e+07,3.37325e+07,3.43028e+07,3.49252e+07,3.55173e+07,-0.00328218,-0.00322379
-0.00269553,-0.0027451,3.39733e+07,3.32681e+07,3.2519e+07,3.18106e+07,3.11376e+07,3.05073e+07,2.99302e+07,2.9419e+07,2.89887e+07,2.86568e+07,2.84443e+07,2.83753e+07,2.84773e+07,2.87813e+07,2.93213e+07,3.01341e+07,3.12578e+07,3.273e+07,3.45833e+07,3.68363e+07,3.9474e+07,4.24114e+07,4.54354e+07,4.81529e+07,5.00475e+07,5.07216e+07,5.00475e+07,4.81529e+07,4.54354e+07,4.24114e+07,3.9474e+07,3.68363e+07,3.45833e+07,3.273e+07,3.12578e+07,3.01341e+07,2.93213e+07,2.87813e+07,2.84773e+07,2.83753e+07,2.84443e+07,2.86568e+07,2.89887e+07,2.9419e+07,2.99302e+07,3.05073e+07,3.11376e+07,3.18106e+07,3.2519e+07,3.32681e+07,3.39733e+07,-0.0027451,-0.00269553
-0.00216207,-0.00220233,3.2628e+07,3.18157e+07,3.09448e+07,3.01016e+07,2.92783e+07,2.84808e+07,2.77179e+07,2.70004e+07,2.63422e+07,2.57601e+07,2.52751e+07,2.49127e+07,2.47035e+07,2.4684e+07,2.48963e+07,2.53881e+07,2.62127e+07,2.7428e+07,2.9095e+07,3.12739e+07,3.40102e+07,3.72972e+07,4.09814e+07,4.45818e+07,4.7185e+07,4.8072e+07,4.7185e+07,4.45818e+07,4.09814e+07,3.72972e+07,3.40102e+07,3.12739e+07,2.9095e+07,2.7428e+07,2.62127e+07,2.53881e+07,2.48963e+07,2.4684e+07,2.47035e+07,2.49127e+07,2.52751e+07,2.57601e+07,2.63422e+07,2.70004e+07,2.77179e+07,2.84808e+07,2.92783e+07,3.01016e+07,3.09448e+07,3.18157e+07,3.2628e+07,-0.00220233,-0.00216207
-0.00162433,-0.00165488,3.15239e+07,3.0617e+07,2.96371e+07,2.86712e+07,2.7709e+07,2.67536e+07,2.5811e+07,2.48889e+07,2.39976e+07,2.31508e+07,2.23663e+07,2.16676e+07,2.1085e+07,2.06571e+07,2.04324e+07,2.04695e+07,2.08374e+07,2.16151e+07,2.28921e+07,2.47703e+07,2.73665e+07,3.08045e+07,3.51479e+07,4.00911e+07,4.41271e+07,4.49138e+07,4.41271e+07,4.00911e+07,3.51479e+07,3.08045e+07,2.73665e+07,2.47703e+07,2.28921e+07,2.16151e+07,2.08374e+07,2.04695e+07,2.04324e+07,2.06571e+07,2.1085e+07,2.16676e+07,2.23663e+07,2.31508e+07,2.39976e+07,2.48889e+07,2.5811e+07,2.67536e+07,2.7709e+07,2.86712e+07,2.96371e+07,3.0617e+07,3.15239e+07,-0.00165488,-0.00162433
-0.00108333,-0.00110385,3.0701e+07,2.97195e+07,2.86523e+07,2.7587e+07,2.65103e+07,2.54222e+07,2.43253e+07,2.32227e+07,2.21195e+07,2.1023e+07,1.99437e+07,1.8897e+07,1.79052e+07,1.70003e+07,1.6228e+07,1.56516e+07,1.53553e+07,1.54447e+07,1.60434e+07,1.729e+07,1.93483e+07,2.24477e+07,2.69674e+07,3.34478e+07,4.1522e+07,4.24347e+07,4.1522e+07,3.34478e+07,2.69674e+07,2.24477e+07,1.93483e+07,1.729e+07,1.60434e+07,1.54447e+07,1.53553e+07,1.56516e+07,1.6228e+07,1.70003e+07,1.79052e+07,1.8897e+07,1.99437e+07,2.1023e+07,2.21195e+07,2.32227e+07,2.43253e+07,2.54222e+07,2.65103e+07,2.7587e+07,2.86523e+07,2.97195e+07,3.0701e+07,-0.00110385,-0.00108333
-0.000540118,-0.000550393,3.01933e+07,2.91638e+07,2.804e+07,2.69095e+07,2.57566e+07,2.45792e+07,2.33762e+07,2.2147e+07,2.0891e+07,1.96083e+07,1.82996e+07,1.69677e+07,1.56177e+07,1.42599e+07,1.29135e+07,1.16135e+07,1.04243e+07,9.46014e+06,8.90751e+06,9.01612e+06,1.00241e+07,1.21107e+07,1.55784e+07,2.15671e+07,3.21647e+07,6.06563e+07,3.21647e+07,2.15671e+07,1.55784e+07,1.21107e+07,1.00241e+07,9.01612e+06,8.90751e+06,9.46014e+06,1.04243e+07,1.16135e+07,1.29135e+07,1.42599e+07,1.56177e+07,1.69677e+07,1.82996e+07,1.96083e+07,2.0891e+07,2.2147e+07,2.33762e+07,2.45792e+07,2.57566e+07,2.69095e+07,2.804e+07,2.91638e+07,3.01933e+07,-0.000550393,-0.000540118
4.19815e-06,4.27813e-06,3.00232e+07,2.89773e+07,2.78341e+07,2.6681e+07,2.55017e+07,2.42929e+07,2.30524e+07,2.17777e+07,2.0466e+07,1.91138e+07,1.77174e+07,1.62722e+07,1.47729e+07,1.32132e+07,1.15853e+07,9.87967e+06,8.08434e+06,6.18388e+06,4.1579e+06,1.97836e+06,595037,3.22375e+06,6.19319e+06,9.89476e+06,2.8303e+07,121057,2.8303e+07,9.89476e+06,6.19319e+06,3.22375e+06,595037,1.97836e+06,4.1579e+06,6.18388e+06,8.08434e+06,9.87967e+06,1.15853e+07,1.32132e+07,1.47729e+07,1.62722e+07,1.77174e+07,1.91138e+07,2.0466e+07,2.17777e+07,2.30524e+07,2.42929e+07,2.55017e+07,2.6681e+07,2.78341e+07,2.89773e+07,3.00232e+07,4.27813e-06,4.19815e-06
0.000548506,0.00055894,3.01985e+07,2.91695e+07,2.80464e+07,2.69165e+07,2.57645e+07,2.4588e+07,2.33862e+07,2.21584e+07,2.09041e+07,1.96234e+07,1.83174e+07,1.69888e+07,1.56432e+07,1.42912e+07,1.29525e+07,1.16632e+07,1.04885e+07,9.54363e+06,9.01442e+06,9.14707e+06,1.01758e+07,1.22813e+07,1.5774e+07,2.17957e+07,3.24769e+07,6.11283e+07,3.2477e+07,2.17957e+07,1.5774e+07,1.22813e+07,1.01758e+07,9.14707e+06,9.01442e+06,9.54363e+06,1.04885e+07,1.16632e+07,1.29525e+07,1.42912e+07,1.56432e+07,1.69888e+07,1.83174e+07,1.96234e+07,2.09041e+07,2.21584e+07,2.33862e+07,2.4588e+07,2.57645e+07,2.69165e+07,2.80464e+07,2.91695e+07,3.01985e+07,0.00055894,0.000548506
0.00109169,0.00111237,3.07114e+07,2.97308e+07,2.86648e+07,2.76008e+07,2.65256e+07,2.54393e+07,2.43444e+07,2.32443e+07,2.21441e+07,2.10511e+07,1.9976e+07,1.89345e+07,1.79489e+07,1.70516e+07,1.62884e+07,1.57226e+07,1.54384e+07,1.55409e+07,1.61528e+07,1.74122e+07,1.94826e+07,2.25925e+07,2.71173e+07,3.3581e+07,4.15626e+07,4.23194e+07,4.15626e+07,3.3581e+07,2.71173e+07,2.25925e+07,1.94826e+07,1.74122e+07,1.61528e+07,1.55409e+07,1.54384e+07,1.57226e+07,1.62884e+07,1.70516e+07,1.79489e+07,1.89345e+07,1.9976e+07,2.10511e+07,2.21441e+07,2.32443e+07,2.43444e+07,2.54393e+07,2.65256e+07,2.76008e+07,2.86648e+07,2.97308e+07,3.07114e+07,0.00111237,0.00109169
0.00163265,0.00166335,3.15388e+07,3.06333e+07,2.9655e+07,2.86908e+07,2.77306e+07,2.67775e+07,2.58375e+07,2.49184e+07,2.40307e+07,2.31879e+07,2.24081e+07,2.17148e+07,2.11384e+07,2.07175e+07,2.05004e+07,2.05456e+07,2.09219e+07,2.17081e+07,2.29931e+07,2.48781e+07,2.74791e+07,3.09176e+07,3.52526e+07,4.01712e+07,4.41727e+07,4.49551e+07,4.41727e+07,4.01712e+07,3.52526e+07,3.09176e+07,2.74791e+07,2.48781e+07,2.29931e+07,2.17081e+07,2.09219e+07,2.05456e+07,2.05004e+07,2.07175e+07,2.11384e+07,2.17148e+07,2.24081e+07,2.31879e+07,2.40307e+07,2.49184e+07,2.58375e+07,2.67775e+07,2.77306e+07,2.86908e+07,2.9655e+07,3.06333e+07,3.15388e+07,0.00166335,0.00163265
0.00217033,0.00221074,3.26471e+07,3.18363e+07,3.09672e+07,3.0126e+07,2.9305e+07,2.851e+07,2.77499e+07,2.70357e+07,2.63811e+07,2.5803e+07,2.53224e+07,2.49649e+07,2.47611e+07,2.47472e+07,2.49653e+07,2.5463e+07,2.62933e+07,2.75138e+07,2.91851e+07,3.13665e+07,3.41027e+07,3.73853e+07,4.10587e+07,4.46425e+07,4.72316e+07,4.81162e+07,4.72316e+07,4.46425e+07,4.10587e+07,3.73853e+07,3.41027e+07,3.13665e+07,2.91851e+07,2.75138e+07,2.62933e+07,2.5463e+07,2.49653e+07,2.47472e+07,2.47611e+07,2.49649e+07,2.53224e+07,2.5803e+07,2.63811e+07,2.70357e+07,2.77499e+07,2.851e+07,2.9305e+07,3.0126e+07,3.09672e+07,3.18363e+07,3.26471e+07,0.00221074,0.00217033
0.00270372,0.00275343,3.39957e+07,3.32922e+07,3.2545e+07,3.18388e+07,3.11681e+07,3.05404e+07,2.99662e+07,2.94581e+07,2.90311e+07,2.87029e+07,2.84943e+07,2.84294e+07,2.85357e+07,2.8844e+07,2.93884e+07,3.02052e+07,3.13325e+07,3.28075e+07,3.46625e+07,3.69154e+07,3.95504e+07,4.24818e+07,4.54965e+07,4.82029e+07,5.00891e+07,5.07602e+07,5.00891e+07,4.82029e+07,4.54965e+07,4.24818e+07,3.95504e+07,3.69154e+07,3.46625e+07,3.28075e+07,3.13325e+07,3.02052e+07,2.93884e+07,2.8844e+07,2.85357e+07,2.84294e+07,2.84943e+07,2.87029e+07,2.90311e+07,2.94581e+07,2.99662e+07,3.05404e+07,3.11681e+07,3.18388e+07,3.2545e+07,3.32922e+07,3.39957e+07,0.00275343,0.00270372
0.00323189,0.00329041,3.55424e+07,3.49521e+07,3.43317e+07,3.37635e+07,3.32438e+07,3.27808e+07,3.23856e+07,3.20711e+07,3.18521e+07,3.17454e+07,3.177e+07,3.19469e+07,3.22992e+07,3.28517e+07,3.363e+07,3.46599e+07,3.59651e+07,3.75643e+07,3.94649e+07,4.16531e+07,4.40772e+07,4.66241e+07,4.90947e+07,5.12035e+07,5.26332e+07,5.31383e+07,5.26332e+07,5.12035e+07,4.90947e+07,4.66241e+07,4.40772e+07,4.16531e+07,3.94649e+07,3.75643e+07,3.59651e+07,3.46599e+07,3.363e+07,3.28517e+07,3.22992e+07,3.19469e+07,3.177e+07,3.17454e+07,3.18521e+07,3.20711e+07,3.23856e+07,3.27808e+07,3.32438e+07,3.37635e+07,3.43317e+07,3.49521e+07,3.55424e+07,0.00329041,0.00323189
0.00375397,0.00382076,3.72463e+07,3.67698e+07,3.62748e+07,3.58412e+07,3.54661e+07,3.51578e+07,3.49273e+07,3.47868e+07,3.475e+07,3.4832e+07,3.50491e+07,3.54187e+07,3.59593e+07,3.66894e+07,3.76269e+07,3.87874e+07,4.01823e+07,4.18148e+07,4.36739e+07,4.57264e+07,4.79051e+07,5.00968e+07,5.21362e+07,5.38174e+07,5.49315e+07,5.53215e+07,5.49315e+07,5.38174e+07,5.21362e+07,5.00968e+07,4.79051e+07,4.57264e+07,4.36739e+07,4.18148e+07,4.01823e+07,3.87874e+07,3.76269e+07,3.66894e+07,3.59593e+07,3.54187e+07,3.50491e+07,3.4832e+07,3.475e+07,3.47868e+07,3.49273e+07,3.51578e+07,3.54661e+07,3.58412e+07,3.62748e+07,3.67698e+07,3.72463e+07,0.00382076,0.00375397
0.0042692,0.00434366,3.90698e+07,3.87037e+07,3.83286e+07,3.80218e+07,3.77805e+07,3.76129e+07,3.75291e+07,3.75403e+07,3.76585e+07,3.78965e+07,3.82679e+07,3.87865e+07,3.94659e+07,4.03188e+07,4.13562e+07,4.25851e+07,4.40068e+07,4.56129e+07,4.73808e+07,4.92678e+07,5.12039e+07,5.30876e+07,5.47871e+07,5.61525e+07,5.70415e+07,5.73502e+07,5.70415e+07,5.61525e+07,5.47871e+07,5.30876e+07,5.12039e+07,4.92678e+07,4.73808e+07,4.56129e+07,4.40068e+07,4.25851e+07,4.13562e+07,4.03188e+07,3.94659e+07,3.87865e+07,3.82679e+07,3.78965e+07,3.76585e+07,3.75403e+07,3.75291e+07,3.76129e+07,3.77805e+07,3.80218e+07,3.83286e+07,3.87037e+07,3.90698e+07,0.00434366,0.0042692
0.00477691,0.00485839,4.09799e+07,4.07182e+07,4.04548e+07,4.02643e+07,4.01439e+07,4.0101e+07,4.01448e+07,4.0285e+07,4.05319e+07,4.08958e+07,4.13875e+07,4.20172e+07,4.27943e+07,4.37262e+07,4.48179e+07,4.60697e+07,4.74751e+07,4.90183e+07,5.06704e+07,5.23857e+07,5.40984e+07,5.57218e+07,5.71522e+07,5.82793e+07,5.9003e+07,5.92526e+07,5.9003e+07,5.82793e+07,5.71522e+07,5.57218e+07,5.40984e+07,5.23857e+07,5.06704e+07,4.90183e+07,4.74751e+07,4.60697e+07,4.48179e+07,4.37262e+07,4.27943e+07,4.20172e+07,4.13875e+07,4.08958e+07,4.05319e+07,4.0285e+07,4.01448e+07,4.0101e+07,4.01439e+07,4.02643e+07,4.04548e+07,4.07182e+07,4.09799e+07,0.00485839,0.00477691
0.00527651,0.00536436,4.29484e+07,4.27835e+07,4.2622e+07,4.2536e+07,4.25227e+07,4.25883e+07,4.27409e+07,4.29887e+07,4.33399e+07,4.38029e+07,4.43855e+07,4.50947e+07,4.59359e+07,4.69126e+07,4.80246e+07,4.9267e+07,5.06283e+07,5.20884e+07,5.36157e+07,5.51658e+07,5.66798e+07,5.80853e+07,5.9301e+07,6.02445e+07,6.08439e+07,6.10495e+07,6.08439e+07,6.02445e+07,5.9301e+07,5.80853e+07,5.66798e+07,5.51658e+07,5.36157e+07,5.20884e+07,5.06283e+07,4.9267e+07,4.80246e+07,4.69126e+07,4.59359e+07,4.50947e+07,4.43855e+07,4.38029e+07,4.33399e+07,4.29887e+07,4.27409e+07,4.25883e+07,4.25227e+07,4.2536e+07,4.2622e+07,4.27835e+07,4.29484e+07,0.00536436,0.00527651
0.00576753,0.00586109,4.49518e+07,4.48751e+07,4.48051e+07,4.48116e+07,4.48915e+07,4.50499e+07,4.52935e+07,4.56291e+07,4.60632e+07,4.66019e+07,4.72505e+07,4.80132e+07,4.88922e+07,4.98873e+07,5.09948e+07,5.22061e+07,5.35066e+07,5.4874e+07,5.6277e+07,5.76743e+07,5.90145e+07,6.0238e+07,6.12808e+07,6.20805e+07,6.25844e+07,6.27565e+07,6.25844e+07,6.20805e+07,6.12808e+07,6.0238e+07,5.90145e+07,5.76743e+07,5.6277e+07,5.4874e+07,5.35066e+07,5.22061e+07,5.09948e+07,4.98873e+07,4.88922e+07,4.80132e+07,4.72505e+07,4.66019e+07,4.60632e+07,4.56291e+07,4.52935e+07,4.50499e+07,4.48915e+07,4.48116e+07,4.48051e+07,4.48751e+07,4.49518e+07,0.00586109,0.00576753
0.00624959,0.00634818,4.69708e+07,4.69733e+07,4.69843e+07,4.70715e+07,4.72313e+07,4.74677e+07,4.77862e+07,4.81922e+07,4.86903e+07,4.92848e+07,4.99788e+07,5.0774e+07,5.16702e+07,5.26643e+07,5.37499e+07,5.49161e+07,5.61468e+07,5.74191e+07,5.87034e+07,5.99623e+07,6.11518e+07,6.2223e+07,6.31252e+07,6.38105e+07,6.42394e+07,6.43854e+07,6.42394e+07,6.38105e+07,6.31252e+07,6.2223e+07,6.11518e+07,5.99623e+07,5.87034e+07,5.74191e+07,5.61468e+07,5.49161e+07,5.37499e+07,5.26643e+07,5.16702e+07,5.0774e+07,4.99788e+07,4.92848e+07,4.86903e+07,4.81922e+07,4.77862e+07,4.74677e+07,4.72313e+07,4.70715e+07,4.69843e+07,4.69733e+07,4.69708e+07,0.00634818,0.00624959
0.00672239,0.00682537,4.89899e+07,4.90627e+07,4.91444e+07,4.93011e+07,4.95283e+07,4.98293e+07,5.02083e+07,5.06692e+07,5.12153e+07,5.1849e+07,5.25716e+07,5.33828e+07,5.42804e+07,5.52593e+07,5.63113e+07,5.74242e+07,5.85813e+07,5.97604e+07,6.0934e+07,6.20692e+07,6.31286e+07,6.40718e+07,6.48586e+07,6.54516e+07,6.58208e+07,6.59461e+07,6.58208e+07,6.54516e+07,6.48586e+07,6.40718e+07,6.31286e+07,6.20692e+07,6.0934e+07,5.97604e+07,5.85813e+07,5.74242e+07,5.63113e+07,5.52593e+07,5.42804e+07,5.33828e+07,5.25716e+07,5.1849e+07,5.12153e+07,5.06692e+07,5.02083e+07,4.98293e+07,4.95283e+07,4.93011e+07,4.91444e+07,4.90627e+07,4.89899e+07,0.00682537,0.00672239
0.00718573,0.00729248,5.09965e+07,5.11312e+07,5.12739e+07,5.14896e+07,5.17731e+07,5.21266e+07,5.25533e+07,5.30559e+07,5.36363e+07,5.42955e+07,5.50332e+07,5.58476e+07,5.67349e+07,5.76886e+07,5.86995e+07,5.97549e+07,6.08381e+07,6.19283e+07,6.30006e+07,6.4026e+07,6.49729e+07,6.58081e+07,6.64991e+07,6.70167e+07,6.73375e+07,6.74461e+07,6.73375e+07,6.70167e+07,6.64991e+07,6.58081e+07,6.49729e+07,6.4026e+07,6.30006e+07,6.19283e+07,6.08381e+07,5.97549e+07,5.86995e+07,5.76886e+07,5.67349e+07,5.58476e+07,5.50332e+07,5.42955e+07,5.36363e+07,5.30559e+07,5.25533e+07,5.21266e+07,5.17731e+07,5.14896e+07,5.12739e+07,5.11312e+07,5.09965e+07,0.00729248,0.00718573
0.00763949,0.00774939,5.29812e+07,5.31695e+07,5.33643e+07,5.36294e+07,5.3959e+07,5.43544e+07,5.48178e+07,5.53508e+07,5.59542e+07,5.66277e+07,5.73699e+07,5.81777e+07,5.90462e+07,5.99681e+07,6.09337e+07,6.19301e+07,6.29413e+07,6.39482e+07,6.49283e+07,6.58566e+07,6.67062e+07,6.74496e+07,6.80606e+07,6.85159e+07,6.87969e+07,6.8892e+07,6.87969e+07,6.85159e+07,6.80606e+07,6.74496e+07,6.67062e+07,6.58566e+07,6.49283e+07,6.39482e+07,6.29413e+07,6.19301e+07,6.09337e+07,5.99681e+07,5.90462e+07,5.81777e+07,5.73699e+07,5.66277e+07,5.59542e+07,5.53508e+07,5.48178e+07,5.43544e+07,5.3959e+07,5.36294e+07,5.33643e+07,5.31695e+07,5.29812e+07,0.00774939,0.00763949
0.00808359,0.0081961,5.49364e+07,5.51709e+07,5.54095e+07,5.57155e+07,5.60822e+07,5.65102e+07,5.70009e+07,5.75547e+07,5.81717e+07,5.88506e+07,5.9589e+07,6.03829e+07,6.12266e+07,6.21126e+07,6.30307e+07,6.39686e+07,6.49112e+07,6.58409e+07,6.67378e+07,6.75802e+07,6.83453e+07,6.90104e+07,6.95539e+07,6.9957e+07,7.02052e+07,7.0289e+07,7.02052e+07,6.9957e+07,6.95539e+07,6.90104e+07,6.83453e+07,6.75802e+07,6.67378e+07,6.58409e+07,6.49112e+07,6.39686e+07,6.30307e+07,6.21126e+07,6.12266e+07,6.03829e+07,5.9589e+07,5.88506e+07,5.81717e+07,5.75547e+07,5.70009e+07,5.65102e+07,5.60822e+07,5.57155e+07,5.54095e+07,5.51709e+07,5.49364e+07,0.0081961,0.00808359
0.00851806,0.00863264,5.68566e+07,5.71305e+07,5.74055e+07,5.77446e+07,5.81406e+07,5.85932e+07,5.9103e+07,5.96699e+07,6.02929e+07,6.097e+07,6.16983e+07,6.2473e+07,6.32881e+07,6.41357e+07,6.50059e+07,6.5887e+07,6.67648e+07,6.76235e+07,6.84455e+07,6.9212e+07,6.99037e+07,7.05014e+07,7.09875e+07,7.13468e+07,7.15673e+07,7.16417e+07,7.15673e+07,7.13468e+07,7.09875e+07,7.05014e+07,6.99037e+07,6.9212e+07,6.84455e+07,6.76235e+07,6.67648e+07,6.5887e+07,6.50059e+07,6.41357e+07,6.32881e+07,6.2473e+07,6.16983e+07,6.097e+07,6.02929e+07,5.96699e+07,5.9103e+07,5.85932e+07,5.81406e+07,5.77446e+07,5.74055e+07,5.71305e+07,5.68566e+07,0.00863264,0.00851806
0.00894296,0.00905911,5.87378e+07,5.90448e+07,5.93496e+07,5.97151e+07,6.01335e+07,6.06038e+07,6.1126e+07,6.16994e+07,6.23223e+07,6.29923e+07,6.37056e+07,6.44575e+07,6.52414e+07,6.60497e+07,6.68727e+07,6.76993e+07,6.85167e+07,6.93104e+07,7.00651e+07,7.07644e+07,7.13918e+07,7.19314e+07,7.23684e+07,7.26903e+07,7.28875e+07,7.29539e+07,7.28875e+07,7.26903e+07,7.23684e+07,7.19314e+07,7.13918e+07,7.07644e+07,7.00651e+07,6.93104e+07,6.85167e+07,6.76993e+07,6.68727e+07,6.60497e+07,6.52414e+07,6.44575e+07,6.37056e+07,6.29923e+07,6.23223e+07,6.16994e+07,6.1126e+07,6.06038e+07,6.01335e+07,5.97151e+07,5.93496e+07,5.90448e+07,5.87378e+07,0.00905911,0.00894296
0.00935838,0.00947567,6.05772e+07,6.09117e+07,6.12405e+07,6.16265e+07,6.20613e+07,6.25435e+07,6.30725e+07,6.36471e+07,6.42651e+07,6.49237e+07,6.56188e+07,6.63452e+07,6.70968e+07,6.78656e+07,6.86428e+07,6.94179e+07,7.01791e+07,7.09136e+07,7.16077e+07,7.22474e+07,7.28185e+07,7.33076e+07,7.37022e+07,7.39921e+07,7.41694e+07,7.42291e+07,7.41694e+07,7.39921e+07,7.37022e+07,7.33076e+07,7.28185e+07,7.22474e+07,7.16077e+07,7.09136e+07,7.01791e+07,6.94179e+07,6.86428e+07,6.78656e+07,6.70968e+07,6.63452e+07,6.56188e+07,6.49237e+07,6.42651e+07,6.36471e+07,6.30725e+07,6.25435e+07,6.20613e+07,6.16265e+07,6.12405e+07,6.09117e+07,6.05772e+07,0.00947567,0.00935838
0.00976449,0.00988251,6.23732e+07,6.27301e+07,6.30777e+07,6.3479e+07,6.39253e+07,6.44145e+07,6.49457e+07,6.55171e+07,6.61265e+07,6.67705e+07,6.74449e+07,6.81446e+07,6.88632e+07,6.95933e+07,7.03265e+07,7.10531e+07,7.17623e+07,7.24429e+07,7.30826e+07,7.36693e+07,7.41908e+07,7.46357e+07,7.49937e+07,7.5256e+07,7.54161e+07,7.547e+07,7.54161e+07,7.5256e+07,7.49937e+07,7.46357e+07,7.41908e+07,7.36693e+07,7.30826e+07,7.24429e+07,7.17623e+07,7.10531e+07,7.03265e+07,6.95933e+07,6.88632e+07,6.81446e+07,6.74449e+07,6.67705e+07,6.61265e+07,6.55171e+07,6.49457e+07,6.44145e+07,6.39253e+07,6.3479e+07,6.30777e+07,6.27301e+07,6.23732e+07,0.00988251,0.00976449
0.0101615,0.0102798,6.41247e+07,6.44997e+07,6.48615e+07,6.52738e+07,6.57271e+07,6.62193e+07,6.67488e+07,6.73139e+07,6.79117e+07,6.85388e+07,6.9191e+07,6.9863e+07,7.05489e+07,7.12414e+07,7.19327e+07,7.26139e+07,7.32753e+07,7.39067e+07,7.44975e+07,7.5037e+07,7.55147e+07,7.59208e+07,7.62467e+07,7.64851e+07,7.66304e+07,7.66792e+07,7.66304e+07,7.64851e+07,7.62467e+07,7.59208e+07,7.55147e+07,7.5037e+07,7.44975e+07,7.39067e+07,7.32753e+07,7.26139e+07,7.19327e+07,7.12414e+07,7.05489e+07,6.9863e+07,6.9191e+07,6.85388e+07,6.79117e+07,6.73139e+07,6.67488e+07,6.62193e+07,6.57271e+07,6.52738e+07,6.48615e+07,6.44997e+07,6.41247e+07,0.0102798,0.0101615
0.0105495,0.0106679,6.58314e+07,6.62206e+07,6.65928e+07,6.70122e+07,6.74691e+07,6.79608e+07,6.84857e+07,6.90416e+07,6.96257e+07,7.02344e+07,7.08634e+07,7.15076e+07,7.21613e+07,7.28176e+07,7.34693e+07,7.41082e+07,7.47255e+07,7.53122e+07,7.58588e+07,7.63561e+07,7.67949e+07,7.7167e+07,7.74648e+07,7.76822e+07,7.78145e+07,7.7859e+07,7.78145e+07,7.76822e+07,7.74648e+07,7.7167e+07,7.67949e+07,7.63561e+07,7.58588e+07,7.53122e+07,7.47255e+07,7.41082e+07,7.34693e+07,7.28176e+07,7.21613e+07,7.15076e+07,7.08634e+07,7.02344e+07,6.96257e+07,6.90416e+07,6.84857e+07,6.79608e+07,6.74691e+07,6.70122e+07,6.65928e+07,6.62206e+07,6.58314e+07,0.0106679,0.0105495
0.0109288,0.011047,6.74936e+07,6.78936e+07,6.82727e+07,6.86961e+07,6.91534e+07,6.96419e+07,7.01597e+07,7.07045e+07,7.12733e+07,7.18625e+07,7.24679e+07,7.30846e+07,7.37069e+07,7.43287e+07,7.49431e+07,7.55426e+07,7.61194e+07,7.66654e+07,7.71721e+07,7.76315e+07,7.80358e+07,7.83776e+07,7.86506e+07,7.88496e+07,7.89707e+07,7.90113e+07,7.89707e+07,7.88496e+07,7.86506e+07,7.83776e+07,7.80358e+07,7.76315e+07,7.71721e+07,7.66654e+07,7.61194e+07,7.55426e+07,7.49431e+07,7.43287e+07,7.37069e+07,7.30846e+07,7.24679e+07,7.18625e+07,7.12733e+07,7.07045e+07,7.01597e+07,6.96419e+07,6.91534e+07,6.86961e+07,6.82727e+07,6.78936e+07,6.74936e+07,0.011047,0.0109288
0.0112997,0.0114174,6.91117e+07,6.95195e+07,6.99028e+07,7.03274e+07,7.07828e+07,7.12658e+07,7.17747e+07,7.23068e+07,7.28592e+07,7.34283e+07,7.401e+07,7.45996e+07,7.51918e+07,7.57807e+07,7.63601e+07,7.6923e+07,7.74626e+07,7.79714e+07,7.8442e+07,7.88675e+07,7.92408e+07,7.95558e+07,7.98069e+07,7.99896e+07,8.01007e+07,8.01379e+07,8.01007e+07,7.99896e+07,7.98069e+07,7.95558e+07,7.92408e+07,7.88675e+07,7.8442e+07,7.79714e+07,7.74626e+07,7.6923e+07,7.63601e+07,7.57807e+07,7.51918e+07,7.45996e+07,7.401e+07,7.34283e+07,7.28592e+07,7.23068e+07,7.17747e+07,7.12658e+07,7.07828e+07,7.03274e+07,6.99028e+07,6.95195e+07,6.91117e+07,0.0114174,0.0112997
0.0116624,0.0117793,7.06868e+07,7.10999e+07,7.14848e+07,7.19083e+07,7.23597e+07,7.28355e+07,7.33339e+07,7.38522e+07,7.43875e+07,7.49363e+07,7.54946e+07,7.60578e+07,7.66211e+07,7.71789e+07,7.77254e+07,7.82545e+07,7.87597e+07,7.92346e+07,7.96726e+07,8.00674e+07,8.0413e+07,8.0704e+07,8.09356e+07,8.1104e+07,8.12062e+07,8.12404e+07,8.12062e+07,8.1104e+07,8.09356e+07,8.0704e+07,8.0413e+07,8.00674e+07,7.96726e+07,7.92346e+07,7.87597e+07,7.82545e+07,7.77254e+07,7.71789e+07,7.66211e+07,7.60578e+07,7.54946e+07,7.49363e+07,7.43875e+07,7.38522e+07,7.33339e+07,7.28355e+07,7.23597e+07,7.19083e+07,7.14848e+07,7.10999e+07,7.06868e+07,0.0117793,0.0116624
0.0120171,0.0121331,0.0122502,0.0123683,0.0124871,0.0126064,0.0127259,0.0128453,0.0129643,0.0130825,0.0131995,0.0133147,0.0134277,0.0135379,0.0136446,0.0137474,0.0138454,0.013938,0.0140246,0.0141044,0.0141767,0.0142409,0.0142963,0.0143425,0.014379,0.0144053,0.0144212,0.0144266,0.0144212,0.0144053,0.014379,0.0143425,0.0142963,0.0142409,0.0141767,0.0141044,0.0140246,0.013938,0.0138454,0.0137474,0.0136446,0.0135379,0.0134277,0.0133147,0.0131995,0.0130825,0.0129643,0.0128453,0.0127259,0.0126064,0.0124871,0.0123683,0.0122502,0.0121331,0.0120171
0.0123641,0.012479,0.0125948,0.0127114,0.0128284,0.0129457,0.0130629,0.0131798,0.0132961,0.0134113,0.013525,0.0136368,0.0137461,0.0138525,0.0139554,0.0140542,0.0141482,0.0142369,0.0143196,0.0143956,0.0144644,0.0145254,0.014578,0.0146218,0.0146563,0.0146812,0.0146963,0.0147013,0.0146963,0.0146812,0.0146563,0.0146218,0.014578,0.0145254,0.0144644,0.0143956,0.0143196,0.0142369,0.0141482,0.0140542,0.0139554,0.0138525,0.0137461,0.0136368,0.013525,0.0134113,0.0132961,0.0131798,0.0130629,0.0129457,0.0128284,0.0127114,0.0125948,0.012479,0.0123641
