Nx=100
Ny=100
NG=2
rho=1.5
mu=1.0
xmin=-0.1
xmax=0.1
ymin=-0.1
ymax=0.1
tmax=0.5
dt=0.2
dx=0.00202020202020202
dy=0.00202020202020202
