Nx=10
Ny=10
NG=2
rho=1.5
mu=1.0
xmin=-1.0
xmax=1.0
ymin=-1.0
ymax=1.0
tmax=0.002
dt=0.001
dx=0.2222222222222222
dy=0.2222222222222222
