Nx=500
Ny=500
NG=2
rho=1000
mu=1e-06
xmin=-20.0
xmax=20.0
ymin=-20.0
ymax=20.0
tmax=15.0
dt=0.01
dx=0.08016032064128256
dy=0.08016032064128256
