Nx=51
Ny=51
NG=2
rho=1000
mu=1e-06
xmin=-2.0
xmax=2.001234
ymin=-2.0
ymax=2.0
tmax=0.2
dt=0.0001
dx=0.08002468
dy=0.08
