Nx=2000
Ny=2000
NG=2
rho=1000
mu=1e-06
xmin=-20.0
xmax=20.0
ymin=-20.0
ymax=20.0
tmax=0.1
dt=0.0001
dx=0.02001000500250125
dy=0.02001000500250125
