Nx=250
Ny=250
NG=2
rho=1000
mu=1e-06
xmin=-20.0
xmax=20.0
ymin=-20.0
ymax=20.0
tmax=0.1
dt=0.0001
dx=0.1606425702811245
dy=0.1606425702811245
